53139 200405 1.201 -117.1449 36.602 -9999 -9999 -9999 -9999 -9999 -9999 U -9999 -9999 -9999
53139 200406 1.201 -117.1449 36.602 43.5 28.5 36 36.7 4.5 29.6 R -9999 -9999 41.4
53139 200407 1.201 -117.1449 36.602 46.3 31.5 38.9 39.8 0.6 29.1 R -9999 -9999 44.3
53139 200408 1.201 -117.1449 36.602 44.1 30.2 37.1 37.8 1.4 25.6 R -9999 -9999 41.8
53139 200409 1.201 -117.1449 36.602 39.2 24.6 31.9 32.6 0.6 22.7 R -9999 -9999 35.8
53139 200410 1.201 -117.1449 36.602 30.2 18.3 24.3 24.6 11.2 15.9 R -9999 -9999 26.1
53139 200411 1.201 -117.1449 36.602 21 10.7 15.8 16.1 23.2 11.5 R -9999 -9999 16.3
53139 200412 1.201 -117.1449 36.602 17.5 6.2 11.8 12.3 30.4 9.6 R -9999 -9999 12
53139 200501 1.201 -117.1449 36.602 17.4 8.4 12.9 13.2 24.4 9.6 R -9999 -9999 13
53139 200502 1.201 -117.1449 36.602 20.1 10.7 15.4 15.6 27.7 12.2 R -9999 -9999 16.4
53139 200503 1.201 -117.1449 36.602 25.5 13.7 19.6 20 14.2 19.5 R -9999 -9999 22.7
53139 200504 1.201 -117.1449 36.602 29.9 16.2 23.1 23.6 13.8 25.3 R -9999 -9999 28.2
53139 200505 1.201 -117.1449 36.602 37.2 23.6 30.4 31.1 6 27.8 R -9999 -9999 36.3
53139 200506 1.201 -117.1449 36.602 40.8 26.7 33.8 34.4 0.4 29.8 R -9999 -9999 39.8
53139 200507 1.201 -117.1449 36.602 47.5 33.6 40.6 41.3 0 27.3 R -9999 -9999 46.1
53139 200508 1.201 -117.1449 36.602 44.4 31 37.7 38.2 0.2 25.4 R -9999 -9999 43
53139 200509 1.201 -117.1449 36.602 -9999 -9999 -9999 -9999 -9999 -9999 U -9999 -9999 -9999
53139 200510 1.301 -117.1449 36.602 -9999 -9999 -9999 -9999 -9999 -9999 U -9999 -9999 -9999
53139 200511 1.301 -117.1449 36.602 24 10.8 17.4 18.2 0.6 12.1 R 34.6 10.6 18.9
53139 200512 1.301 -117.1449 36.602 16.9 4.9 10.9 11.5 0 8.8 R 24.6 4.6 11.5
53139 200601 1.301 -117.1449 36.602 18.6 6 12.3 13 5 11.1 R 26.8 5.6 13
53139 200602 1.301 -117.1449 36.602 22.9 9.1 16 16.7 0.8 15.2 R 35.1 8.1 17.7
53139 200603 1.301 -117.1449 36.602 22.5 10.4 16.5 17 3.7 18.1 R 39.2 9.6 20.1
53139 200604 1.301 -117.1449 36.602 29.9 16.2 23 23.5 2.9 22.4 R 48.7 15.4 28.1
53139 200605 1.301 -117.1449 36.602 38.9 25.4 32.2 32.8 0 27.3 R 60.3 23.8 38.3
53139 200606 1.301 -117.1449 36.602 44.6 29.7 37.2 37.9 1.7 28.6 R 64.8 28.2 43.4
53139 200607 1.301 -117.1449 36.602 47.5 34.3 40.9 41.3 4.6 27.4 R 67.6 33.5 47
53139 200608 1.301 -117.1449 36.602 44.5 29 36.7 37.7 0 27.1 R 64.1 28 42.6
53139 200609 1.301 -117.1449 36.602 39.3 24.8 32.1 32.8 0 22.5 R 57.1 23.9 36.6
53139 200610 1.301 -117.1449 36.602 30 17.2 23.6 24.3 5.5 17 R 44 16.6 26.5
53139 200611 1.301 -117.1449 36.602 24 10.6 17.3 18.1 0 12.4 R 34.4 10.2 18.7
53139 200612 1.301 -117.1449 36.602 16.1 4 10 10.8 6.2 9.9 R 23.6 3.6 10.7
53139 200701 1.301 -117.1449 36.602 17.6 4.3 11 11.7 0 12 R 26 3.4 11.6
53139 200702 1.301 -117.1449 36.602 21.6 9.1 15.3 16.1 12.8 14.7 R 32.3 8.3 17.1
53139 200703 1.301 -117.1449 36.602 29.6 15.8 22.7 23.3 1.5 20.3 R 45 14.7 26.1
53139 200704 1.301 -117.1449 36.602 32.6 19.2 25.9 26.5 1 24.2 R 50.9 18 30.8
53139 200705 1.301 -117.1449 36.602 38.7 23.7 31.2 32.1 0 29.4 R 58.3 22.5 37.3
53139 200706 1.302 -117.1449 36.602 43.9 28.5 36.2 37 0 29.2 R 59.9 27.7 41.7
53139 200707 1.302 -117.1449 36.602 47.5 32.7 40.1 40.8 0 26.5 R 61.3 32.3 44.9
53139 200708 1.302 -117.1449 36.602 45.3 31.1 38.2 38.9 9.7 23.9 R 58.2 30.8 42.5
53139 200709 1.302 -117.1449 36.602 38.1 25.1 31.6 32.2 1.2 21 R 52.1 24.8 35.7
53139 200710 1.302 -117.1449 36.602 30.8 17.2 24 24.6 0 16.5 R 42.3 17.1 27
53139 200711 1.302 -117.1449 36.602 25.6 12.1 18.8 19.7 0 12.1 R 34.6 12.3 20.7
53139 200712 1.302 -117.1449 36.602 15.1 3.7 9.4 10.3 5.8 10 R 22.2 4 11
53139 200801 1.302 -117.1449 36.602 16.1 4.6 10.4 11.2 6 10.4 R 23.5 4.7 11.8
53139 200802 1.302 -117.1449 36.602 21.4 8.3 14.8 15.5 0.7 14.4 R 31 8.3 17.1
53139 200803 1.302 -117.1449 36.602 26.9 13.1 20 20.8 0 20.5 R 39.7 13.1 23.6
53139 200804 1.302 -117.1449 36.602 31.6 17.5 24.5 25.2 0 25.6 R 46.2 16.8 29.2
53139 200805 1.302 -117.1449 36.602 35.7 22.6 29.1 29.6 0.3 27 R 51.9 21.7 34.1
53139 200806 1.302 -117.1449 36.602 43.4 28.1 35.8 36.6 0 30.5 R 59.2 26.9 41.2
53139 200807 1.302 -117.1449 36.602 46.6 32.3 39.4 40 1.3 27.4 R 62.1 31.2 44.5
53139 200808 1.302 -117.1449 36.602 46.3 31.8 39 39.7 0 26.3 R 61.4 31.1 43.8
53139 200809 1.302 -117.1449 36.602 41.2 26.5 33.9 34.6 0 22.5 R 55.8 25.9 37.8
53139 200810 1.302 -117.1449 36.602 32.3 17.8 25 25.7 0 17 R 43.9 17.4 27.7
53139 200811 1.302 -117.1449 36.602 25.2 12.5 18.8 19.4 15.7 11.8 R 33.2 12.2 20.1
53139 200812 1.302 -117.1449 36.602 16 5.4 10.7 11.2 2.3 9.7 R 22.5 5.4 11.6
53139 200901 1.302 -117.1449 36.602 20.2 6.8 13.5 14.3 0 11.8 R 28.2 6.8 14.5
53139 200902 1.302 -117.1449 36.602 19 8 13.5 14 42.7 13.1 R 27.2 7.8 15.1
53139 200903 1.302 -117.1449 36.602 25.7 12.7 19.2 19.7 0 20.2 R 39.3 12.2 22.6
53139 200904 1.302 -117.1449 36.602 30.8 16.6 23.7 24.3 0 24.7 R 47.2 16.4 28.9
53139 200905 1.302 -117.1449 36.602 40 26.8 33.4 34 0 26.3 R 57.3 26.4 38.8
53139 200906 1.302 -117.1449 36.602 39.7 26.2 32.9 33.6 0.5 26.9 R 56.4 26.2 38.7
53139 200907 1.302 -117.1449 36.602 47.3 33.4 40.3 40.9 3.7 27.4 R 63.7 32.9 45.8
53139 200908 1.302 -117.1449 36.602 44.2 29.9 37.1 37.8 0 25.3 R 60.3 29.4 41.9
53139 200909 1.302 -117.1449 36.602 41.9 26.7 34.3 35.1 0 21.7 R 56.6 26.7 38.6
53139 200910 1.302 -117.1449 36.602 30 17.4 23.7 24.3 0 16.5 R 41.5 17.1 26.5
53139 200911 1.302 -117.1449 36.602 24 10.7 17.4 18.1 0.3 12.3 R 32.8 10.5 18.9
53139 200912 1.302 -117.1449 36.602 15.6 4.5 10.1 10.6 3.6 9.3 R 22.5 4.7 11.2
53139 201001 1.302 -117.1449 36.602 16.4 5.8 11.1 11.7 20.6 9.4 R 22.8 5.7 12.1
53139 201002 2.403 -117.1449 36.602 19.9 9.6 14.8 15 38.1 12.9 R 27.7 9.4 16.2
53139 201003 2.403 -117.1449 36.602 25.1 12.6 18.9 19.4 0 18.9 R 38 12.2 22
53139 201004 2.403 -117.1449 36.602 28.9 15.5 22.2 22.6 11.7 23.5 R 44.2 14.9 26.5
53139 201005 2.403 -117.1449 36.602 33.4 20.2 26.8 27.3 0 27 R 50.3 19.6 32.5
53139 201006 2.403 -117.1449 36.602 42.7 28.4 35.6 36.1 0 28.4 R 58.3 27.9 41.4
53139 201007 2.403 -117.1449 36.602 46.9 32.4 39.7 40.5 1.4 26.8 R 62.8 31.9 45.5
53139 201008 2.403 -117.1449 36.602 44.3 28.9 36.6 37.3 4.7 25 R 60.4 28.5 41.8
53139 201009 2.403 -117.1449 36.602 41 25 33 33.7 0 21.1 R 55.7 24.8 37.2
53139 201010 2.403 -117.1449 36.602 31.4 20 25.7 26.1 1.2 13.5 R 43 20 28.3
53139 201011 2.403 -117.1449 36.602 22.9 10.4 16.7 17.4 0.5 11.4 R 32.6 10.3 18.4
53139 201012 2.403 -117.1449 36.602 17.3 7.4 12.3 12.5 13.4 7.6 R 23.9 7.5 13.2
53139 201101 2.403 -117.1449 36.602 17.4 4.9 11.2 11.8 1.7 10 R 25.8 5.1 12.6
53139 201102 2.403 -117.1449 36.602 20.2 7.5 13.9 14.4 0 14.5 R 31.1 7.1 16.2
53139 201103 2.403 -117.1449 36.602 25.7 12.9 19.3 19.8 0.2 18.3 R 39.5 12.2 22.7
53139 201104 2.403 -117.1449 36.602 30.3 17.6 24 24.4 1.4 24.5 R 46.2 16.7 28.6
53139 201105 2.403 -117.1449 36.602 34 20.1 27 27.7 3.8 26.8 R 50 19.3 32.2
53139 201106 2.403 -117.1449 36.602 41.2 26.9 34 34.6 0 29.8 R 57 26 39.6
53139 201107 2.403 -117.1449 36.602 44.8 30 37.4 37.9 10.2 27.2 R 59.8 29.2 42.2
53139 201108 2.403 -117.1449 36.602 45.4 30.3 37.9 38.5 0 26.2 R 60.9 29.8 42.9
53139 201109 2.403 -117.1449 36.602 41.1 26.7 33.9 34.8 0 20.2 R 55.6 26.7 38
53139 201110 2.403 -117.1449 36.602 32.8 18.4 25.6 26.5 0 16.5 R 45 18.3 28.6
53139 201111 2.403 -117.1449 36.602 21.1 8.5 14.8 15.5 0.4 10.9 R 30 8.7 16.5
53139 201112 2.403 -117.1449 36.602 17.1 5.1 11.1 11.7 0.3 9.4 R 24.4 4.6 11.8
53139 201201 2.403 -117.1449 36.602 18.8 4.8 11.8 12.7 0.2 10.4 R 26.9 4.7 13
53139 201202 2.413 -117.1449 36.602 22.2 9.4 15.8 16.5 0 14.1 R 34 7.8 17.3
53139 201203 2.413 -117.1449 36.602 26.1 12.2 19.1 19.8 0 19.1 C 42.2 9.9 22.2
53139 201204 2.413 -117.1449 36.602 32.3 18.7 25.5 26.1 3.3 23.4 C 49.9 16.4 29.6
53139 201205 2.413 -117.1449 36.602 39 24.3 31.6 32.4 0 28.5 C 57.6 22 36.9
53139 201206 2.413 -117.1449 36.602 43.5 28.1 35.8 36.5 0 29.8 C 61.6 25.7 41.3
53139 201207 2.413 -117.1449 36.602 45.1 30.2 37.7 38.6 6.8 26.8 C 62.4 28.6 43.1
53139 201208 2.413 -117.1449 36.602 46.1 33.3 39.7 40 7.3 24.1 C 63.1 31.8 44.3
53139 201209 2.413 -117.1449 36.602 41.7 27.8 34.8 35.5 0 20.7 C 58.2 26.2 38.5
53139 201210 2.413 -117.1449 36.602 32.1 18.8 25.4 26.1 7.7 16.7 C 45.5 17.4 27.8
53139 201211 2.413 -117.1449 36.602 24.2 11.1 17.6 18.4 0 11.8 C 34.8 9.7 18.5
53139 201212 2.413 -117.1449 36.602 17.8 6.7 12.3 12.8 0.8 9.3 C 26.3 5.1 12.3
53139 201301 2.413 -117.1449 36.602 17.1 4.7 10.9 11.6 2.5 11.1 C 26.3 2.8 11.2
53139 201302 2.423 -117.1449 36.602 21.6 8.1 14.9 15.7 0 15 C 33.7 6 16.1
53139 201303 2.423 -117.1449 36.602 29 15.5 22.3 22.9 0 18.9 C 44 12.9 24.8
53139 201304 2.423 -117.1449 36.602 33.4 19.5 26.4 27.1 0 24.4 C 50.9 16.8 30.6
53139 201305 2.423 -117.1449 36.602 37.1 23.7 30.4 31 6.4 27 C 54.9 21.5 35.2
53139 201306 2.423 -117.1449 36.602 44.7 29.9 37.3 38.1 0 29.2 C 62.1 27.7 42.6
53139 201307 2.423 -117.1449 36.602 46.4 32.7 39.6 40.2 23.4 24.9 C 60.9 30.7 43.2
53139 201308 2.423 -117.1449 36.602 44.2 30 37.1 37.8 0.3 25 C 60.5 28.5 41.5
53139 201309 2.423 -117.1449 36.602 39.7 27.2 33.4 33.8 0.5 21.2 C 55.5 25.4 36.9
53139 201310 2.423 -117.1449 36.602 29.7 16 22.8 23.5 4.4 16.7 C 42.6 14.3 24.9
53139 201311 2.423 -117.1449 36.602 22.5 10.1 16.3 17.1 5.7 10.7 C 30.5 9.2 17
53139 201312 2.423 -117.1449 36.602 16.8 3.9 10.4 11.1 1.6 10.3 C 24.1 2.9 10.4
53139 201401 2.423 -117.1449 36.602 20.7 6.3 13.5 14.3 0 10.8 C 28.3 5 13.3
53139 201402 2.423 -117.1449 36.602 23.1 9.5 16.3 17.1 13.4 13.5 C 34.1 8 17.5
53139 201403 2.423 -117.1449 36.602 27.7 15.3 21.5 22.1 0 19.7 C 41.6 13 23.8
53139 201404 2.423 -117.1449 36.602 32.7 19.3 26 26.6 0.4 24.3 C 50 17.2 30.1
53139 201405 2.423 -117.1449 36.602 37.9 23.6 30.8 31.3 2.2 27.2 C 54.9 21.1 35.2
53139 201406 2.423 -117.1449 36.602 43.9 28.8 36.4 37.1 0 29.7 C 60.8 26.6 41.4
53139 201407 2.423 -117.1449 36.602 46.6 33.2 39.9 40.3 5.9 26.8 C 63.2 31.3 44.6
53139 201408 2.423 -117.1449 36.602 43.1 29.3 36.2 36.7 3.4 25.2 C 59 27.6 40.5
53139 201409 2.423 -117.1449 36.602 41.2 27.4 34.3 34.9 1.2 22.5 C 56.7 25.8 38
53139 201410 2.423 -117.1449 36.602 34.3 19.9 27.1 28.1 0 17.5 C 47.5 18.3 29.4
53139 201411 2.423 -117.1449 36.602 23.7 10.4 17.1 18 1.9 12.5 C 33.7 9.1 18
53139 201412 2.423 -117.1449 36.602 17.3 8.5 12.9 13.2 11.7 8.5 C 23 7.1 12.6
53139 201501 2.423 -117.1449 36.602 19.5 7.2 13.4 14 3.4 10 C 26.9 6.1 13.4
53139 201502 2.423 -117.1449 36.602 25.7 12 18.8 19.6 5.7 15.6 C 36.4 10.5 20.1
53139 201503 2.423 -117.1449 36.602 30.5 16.8 23.7 24.3 0.2 18.9 C 44.8 14.7 26.3
53139 201504 2.423 -117.1449 36.602 32.2 18 25.1 25.8 0 23.9 C 49.5 15.8 29.2
53139 201505 2.423 -117.1449 36.602 35.3 22.1 28.7 29.1 5.1 24.8 C 51.8 20.5 33.3
53139 201506 2.423 -117.1449 36.602 44.6 30.3 37.4 38.1 0 27.2 C 61.6 28.3 42.5
53139 201507 2.423 -117.1449 36.602 43.3 30.1 36.7 37.3 8.4 25.1 C 59.5 28.6 41.3
53139 201508 2.423 -117.1449 36.602 45.8 31.2 38.5 39.2 0 24 C 61.3 29.6 42.7
53139 201509 2.423 -117.1449 36.602 41.5 27.5 34.5 35 0 20.1 C 56.6 25.8 37.7
53139 201510 2.423 -117.1449 36.602 32.4 21.6 27 27.3 18.8 14.2 C 42.5 20.2 28.3
53139 201511 2.423 -117.1449 36.602 21.6 8.9 15.3 16 0.3 12.2 C 31.2 7.7 16
53139 201512 2.423 -117.1449 36.602 15.3 3.8 9.5 10.4 0.5 9.4 C 23.1 2.5 9.8
53139 201601 2.423 -117.1449 36.602 17 5.2 11.1 11.8 8.5 9.5 C 25.4 4.3 11.8
53139 201602 2.423 -117.1449 36.602 24.8 10.1 17.5 18.4 0 15.2 C 35.4 8.8 18.8
53139 201603 2.423 -117.1449 36.602 27.7 14.8 21.2 21.9 0 18.2 C 41.8 12.9 24
53139 201604 2.423 -117.1449 36.602 32.2 19.6 25.9 26.4 4.3 21.8 C 48 17.4 29.4
53139 201605 2.423 -117.1449 36.602 35.8 23 29.4 29.9 0 25.9 C 53.6 21 34.4
53139 201606 2.423 -117.1449 36.602 45.8 31.2 38.5 39.1 2.5 27.5 C 61.3 29 42.8
53139 201607 2.423 -117.1449 36.602 47 31.8 39.4 40.2 6.3 28.1 C 61.5 30 44
53139 201608 2.423 -117.1449 36.602 45.5 31.1 38.3 39 0 25.2 C 60.6 28.9 42.3
53139 201609 2.423 -117.1449 36.602 39.6 25.4 32.5 33.1 0 21.4 C 53.9 23.5 35.7
53139 201610 2.423 -117.1449 36.602 32.1 20 26.1 26.6 0 15.4 C 44.6 18 27.9
53139 201611 2.423 -117.1449 36.602 24.5 11.7 18.1 18.8 0.3 11.9 C 33.9 10.3 18.8
53139 201612 2.423 -117.1449 36.602 16 4.9 10.5 11.2 7 8.7 C 22.5 3.5 10.6
53139 201701 2.423 -117.1449 36.602 17.2 6.9 12 12.5 8.5 10.1 C 24 5.2 12
53139 201702 2.423 -117.1449 36.602 21.8 11.4 16.6 17 18.8 12.3 C 30.5 9.7 17.3
53139 201703 2.423 -117.1449 36.602 29.2 15.4 22.3 22.8 0 19 C 43.3 13.7 24.8
53139 201704 2.423 -117.1449 36.602 32.2 19.4 25.8 26.3 0 23.1 C 49.5 16.8 29.7
53139 201705 2.423 -117.1449 36.602 37.6 23.6 30.6 31.2 1.1 26 C 55.3 21.2 35.4
53139 201706 2.423 -117.1449 36.602 45.2 30 37.6 38.3 0 28.8 C 62.7 27.5 42.8
53139 201707 2.423 -117.1449 36.602 47.6 34.3 41 41.6 0 25.8 C 64.3 32.6 45.7
53139 201708 2.423 -117.1449 36.602 45.2 31.3 38.3 38.9 8.2 23.8 C 62.4 29.4 42.9
53139 201709 2.423 -117.1449 36.602 38.4 25.8 32.1 32.6 9.3 19.4 C 53.5 23.8 35.3
53139 201710 2.423 -117.1449 36.602 32.3 17.8 25 25.8 0 15.9 C 45.3 15.7 26.9
53139 201711 2.423 -117.1449 36.602 24.8 12.1 18.4 19.1 0 11 C 34.7 10.6 19.2
53139 201712 2.423 -117.1449 36.602 19.2 5.9 12.6 13.2 0 9.4 C 26.5 4 12
53139 201801 2.423 -117.1449 36.602 19.7 7.6 13.7 14.3 8.3 9.4 C 26.8 6.3 13.7
53139 201802 2.423 -117.1449 36.602 21.4 8.1 14.7 15.7 1.5 14.1 C 33.2 6.4 16.2
53139 201803 2.623 -117.1449 36.602 25.7 13.3 19.5 20.1 2.8 18 C 41 11.2 22.3
53139 201804 2.623 -117.1449 36.602 33.4 19.9 26.6 27.4 0 22.8 C 50.2 17.4 30.4
53139 201805 2.623 -117.1449 36.602 37.6 23.8 30.7 31.1 0.8 25.5 C 55.4 21.8 35.5
53139 201806 2.623 -117.1449 36.602 44.8 29.1 36.9 37.9 0 28.9 C 61.6 27.1 42.3
53139 201807 2.623 -117.1449 36.602 48 34.9 41.5 42.1 0.5 24.9 C 64.9 33.2 46.3
53139 201808 2.623 -117.1449 36.602 45.9 31.9 38.9 39.5 0 23.5 C 61.8 30.1 43
53139 201809 2.623 -117.1449 36.602 41.9 26.4 34.2 35 0 21.5 C 56.7 24.3 37.4
53139 201810 2.623 -117.1449 36.602 31.9 19.6 25.7 26.3 0 16.2 C 44.4 17.5 27.6
53139 201811 2.623 -117.1449 36.602 23.9 10.6 17.3 18 0 11.8 C 33.7 8.8 17.6
53139 201812 2.623 -117.1449 36.602 18.3 6.6 12.5 13.2 0.3 9.2 C 26.3 5.3 12.5
53139 201901 2.623 -117.1449 36.602 18.5 7.2 12.8 13.3 13.2 9.7 C 25.7 5.8 12.7
53139 201902 2.623 -117.1449 36.602 17.8 7.1 12.5 12.9 19.5 14 C 26.7 5.1 13.2
53139 201903 2.623 -117.1449 36.602 24.9 13.9 19.4 19.8 18.5 18.2 C 38.1 12.1 21.7
53139 201904 2.623 -117.1449 36.602 33 20.3 26.7 26.9 0.5 22 C 49.1 17.9 29.9
53139 201905 2.623 -117.1449 36.602 33.2 20 26.6 27 10.4 24.6 C 50.7 18.8 31.6
53139 201906 2.623 -117.1449 36.602 42.7 29 35.9 36.5 0 27.6 C 60.4 26.9 41
53139 201907 2.623 -117.1449 36.602 45.8 31.4 38.6 39.3 0.2 26.7 C 61.6 29.4 43.2
53139 201908 2.623 -117.1449 36.602 45.9 30.7 38.3 39.1 0 24.7 C 61.7 28.8 42.5
53139 201909 2.623 -117.1449 36.602 39.1 26.3 32.7 33.3 0 19.3 C 53.6 24.3 35.6
53139 201910 2.623 -117.1449 36.602 29.7 15.7 22.7 23.5 0 16.7 C 42.9 13.6 24.7
53139 201911 2.623 -117.1449 36.602 23.4 9.5 16.4 17.3 3.8 10.7 C 32.1 8.3 17.1
53139 201912 2.623 -117.1449 36.602 15.6 6.8 11.2 11.6 14.7 7.5 C 20.7 5.4 10.9
53139 202001 2.623 -117.1449 36.602 18.6 5.6 12.1 12.9 0 10.5 C 26.6 4.6 12.4
53139 202002 2.623 -117.1449 36.602 22.3 9.2 15.8 16.4 2.4 14.2 C 33.2 7.4 17
53139 202003 2.623 -117.1449 36.602 23.8 12.6 18.2 18.6 7.2 17.2 C 38.5 11 21.1
53139 202004 2.623 -117.1449 36.602 31 18.2 24.6 25.1 5.5 21.4 C 47.6 16.5 28.8
53139 202005 2.623 -117.1449 36.602 38.7 24.9 31.8 32.5 1.1 26.4 C 55.7 22.7 36.6
53139 202006 2.623 -117.1449 36.602 42.6 28.2 35.4 36.1 0 27.1 C 58.3 26.2 40
53139 202007 2.623 -117.1449 36.602 46.9 31.3 39.1 39.9 0 27.7 C 61.9 29.3 43.7
53139 202008 2.623 -117.1449 36.602 47.1 32 39.5 40.3 2.9 23.8 C 61.5 29.7 43.2
53139 202009 2.623 -117.1449 36.602 41.9 26.8 34.3 35.1 0 19.3 C 55.3 24.9 37
53139 202010 2.623 -117.1449 36.602 34.9 19.4 27.1 27.9 0 15.9 C 46.7 17.8 28.8
53139 202011 2.623 -117.1449 36.602 24.1 10.7 17.4 18.1 0 11.3 C 33.3 9.3 18
53139 202012 2.623 -117.1449 36.602 18.1 4.8 11.5 12.4 1.8 9 C 24.7 3.6 11.3
53139 202101 2.623 -117.1449 36.602 18.8 6.6 12.7 13.4 0.6 9.8 C 26.7 5.3 13.1
53139 202102 2.623 -117.1449 36.602 22.4 9.3 15.8 16.5 0 14.4 C 33.5 7.1 16.9
53139 202103 2.623 -117.1449 36.602 -9999 -9999 -9999 -9999 2.5 18.3 C 38.4 9.6 20.7
53139 202104 2.623 -117.1449 36.602 -9999 -9999 -9999 -9999 8.4 24.1 C 49.3 16.7 30.2
53139 202105 2.623 -117.1449 36.602 -9999 -9999 -9999 -9999 0.2 26.6 C 54.2 22.5 35.6
53139 202106 2.623 -117.1449 36.602 46.2 31.2 38.7 39.4 0 26.4 C 61 29.3 42.9
53139 202107 2.623 -117.1449 36.602 47.2 34 40.6 41 5.9 23.1 C 61.4 32.3 44.5
53139 202108 2.623 -117.1449 36.602 46 31.5 38.8 39.5 0 23.9 C 60.1 29.7 42.5
53139 202109 2.623 -117.1449 36.602 41.1 27.4 34.3 34.8 0.6 19.9 C 54.4 25.1 36.7
53139 202110 2.623 -117.1449 36.602 30 16.7 23.4 24.1 0 14.9 C 42 15.4 25.4
53139 202111 2.623 -117.1449 36.602 26.4 12.9 19.7 20.4 0 11.5 C 35.5 11.6 20.4
53139 202112 2.623 -117.1449 36.602 16.5 5.7 11.1 11.7 10.3 8.2 C 22.8 4.7 11.3
53139 202201 2.623 -117.1449 36.602 19 5.7 12.3 13.2 0 10.6 C 25.8 4.5 12.5
53139 202202 2.623 -117.1449 36.602 23 8.8 15.9 16.6 1.5 14.6 C 32.6 7 16.8
53139 202203 2.623 -117.1449 36.602 28 14.8 21.4 22 0 18.8 C 40.2 13 23.7
53139 202204 2.623 -117.1449 36.602 32.9 18.8 25.8 26.3 0 23.9 C 46 17 29.3
53139 202205 2.623 -117.1449 36.602 37.3 23.2 30.2 30.8 0 26.8 C 50.9 21.4 34.2
53139 202206 2.623 -117.1449 36.602 43.5 28.5 36 36.7 6.8 26.9 C 55.6 26.9 39.8
53139 202207 2.623 -117.1449 36.602 46.8 33.2 40 40.5 2.4 26.2 C 58.7 31.9 43.8
53139 202208 2.623 -117.1449 36.602 45.3 33 39.2 39.6 24.5 23 C 56.5 32 42.3
53139 202209 2.623 -117.1449 36.602 42 28.3 35.2 35.7 0 20.3 C 53.6 27.3 38.1
53139 202210 2.623 -117.1449 36.602 34 19.8 26.9 27.6 0 16.6 C 44.3 18.8 28.8
53139 202211 2.623 -117.1449 36.602 21.1 9.1 15.1 15.7 1.4 11.9 C 28.9 7.9 15.7
53139 202212 2.623 -117.1449 36.602 17.3 5.7 11.5 12.2 1.4 9.3 C 24.1 5.2 12.2
53139 202301 2.623 -117.1449 36.602 17.2 7.3 12.3 12.6 14.4 9.6 C 22.1 5.9 12.1
53139 202302 2.623 -117.1449 36.602 19.5 7.4 13.5 14.2 15.4 13.1 C 27.2 6.1 14.5
53139 202303 2.623 -117.1449 36.602 -9999 -9999 -9999 -9999 -9999 -9999 U -9999 -9999 -9999
